29000
37
37
1
860901
29386
28
1.58
2
860915
29760
28
1.58
3
861001
30217
36
1.58
4
861015
30524
24.5
1.58
5
861101
30836
26
1.58
6
861115
31170
24.5
1.58
7
861201
31533
26
1.58
8
861215
31845
21.5
1.58
9
870101
32213
29
1.6
10
870115
32533
26
1.6
11
870201
32928
27
1.6
12
870215
33392
29
1.6
13
870301
33682
17
1.6
14
870315
34158
31
1.6
15
870401
34453
22
1.6
16
870415
34746
21
1.62
17
870501
35171
27.5
1.62
18
870515
35706
28.5
1.62
19
870601
36239
29
1.62
20
870615
36661
27
1.62
21
870701
37053
28
1.57
22
870715
37523
30
1.57
23
870801
37999
30.5
1.57
24
870815
38389
26.5
1.57
25
870901
38759
25
1.55
26
870915
39218
33
1.55
27
871001
39479
20
1.55
28
871015
39892
25.5
1.52
29
871101
40345
32
1.52
30
871115
40794
28
1.52
31
871201
41155
23
1.52
32
871205
41593
30.5
1.52
33
871215
42163
32
1.52
34
880101
42465
21
1.52
35
880122
42842
28.6
1.48
36
880211
43287
27.9
1.5
0
0
0
0
