ZIE GINDS...
#64








30 4 
62044
M    

60 4 
67044


60 4 
67044


11 4 
71044


01 4 
69044


01 4 
69044


21 4 
72044
M    

50 4 
66044
50 4 
66044
01 4 
69044
60 2 
67084


30 4 
62044


60 4 
67044


60 4 
67044


11 4 
71044


01 8 
69024
01 8 
69024
01 4 
69044


21 4 
72044
M    

50 4 
66044


50 4 
66044


01 4 
69044


60 2 
67084






31 4 
74044


01 4 
69044


01 4 
69044


31 4 
74044


11 4 
71044


11 4 
71044


31 4 
74044
M    

21 4 
72044


21 4 
72044


11 4 
71044


01 2 
69084






30 4 
62044


60 4 
67044


60 8 
67024
01 8 
69024
11 8 
71024
21 8 
72024
31 4 
74044


11 4 
71044


60 4 
67044
M    

21 4 
72044


01 4 
69044


50 4 
66044


60 2 
67084






M    

