NACHT IN MOSKOU
b44


30 4 
62044
50 4 
65044
01 4 
69044
50 4M
65044
60 2 
67084


50 4 
65044
40 4M
64044
01 2 
69084


60 2 
67084
M    

30 2 
62084


20 2 
60084
M    

50 4 
65044
01 4 
69044
21 4 
72044
21 4M
72044
31 2 
74084
21 4 
72044
11 4 
70044


01 1 
69164
M    

11#2 
71084


21#2 
73084
M    

41 4 
76044
31 4 
74044
01 2 
69124
M    

01+4 

50 4 
65044
40 4 
64044
30 4M
62044
01 4 
69044
60 4 
67044
11 2 
70164
M    

11+2 



21 4 
72044
11 4 
70044




01 2 
69084


60 4 
67044
50 4M
65044
01 2 
69084


60 2 
67084
M    

30 2 
62084


01 2 
69084
M    

11#2 
71084


21#2 
73084
M    

41 4 
76044
31 4 
74044
01 2M
69124
01+4 

50 4 
65044
40 4 
64044
30 4 
62044


01 4 
69044
60 4 
67044
11 2 
70164
M    

11+2 



21 4 
72044
11 4M
70044
01 2 
69084


60 4 
67044
50 4M
65044
01 2 
69084




60 2 
67084


M    

30 1 
62164






M    

